0 1 2 3 4 5 6 7 8 9 10 11 12
1 13 14 15 1 16 16 17 1 12 18 19 20 6 21 22 23 24 25
0 26 27 28 29 1 30 1 31 32 30 1 28 29 33 1 34 6 33 4 35 36 37 1 38 1 39 25 40 41 42 43 44 45 46 32 47 48 49 50 48 51 52 53
54 55 56 57 58 32 22 59 1 6 60 61 62 63 64 52
50 22 1 65 66 60 62 61 67 63
68 6 69
70 71 72 37 1 73 6 74 75 6 76 77 78
79 71 72 1 6 19 80 81 82
83 79 1 84 72 1 85 86 6
84 59 87 88 89 90 76 91 59 6
92 71 93 17 1 94 95 96 97 67 6 98 99 30 90 100 48 101 50 59 8 102 103
72 79 1 104 105 37 106 67 107 108 6 103 109 110 78 106 1 50
111 10 112 6 113 7 114
115 8 37 100 115 6 22 12 116 45 117 62 81 118 119 100 48 8 24 51 53 120
47 1 105 1 121 122 6 123
3 40 67 124 125 126 127 40 128 67 129 130 131 8 132 133 8 19 6
134 11 135 45 66 79 135 135 134 136 137 138
139 140 94 141 6 24 142
143 144 141 67 19 94 140 84 32 14 141 12 59 6
1 22 145 146 12 73 82 6 98 107
147 6 98 132 75 61 34 6
35 148 149 1 66 150 31 151 56 40 40 79 65 16 60 25 1 146
73 152 1 66 24 153
40 154 155 1 156 132 157 141 155 6 136 137 138 56 158
159 59 6 19 160 78
73 6 134 75 145 61 6
126 161 125 162 147 6 98 132 52 109 68 62 61 67 75 135 81 63 163
1 22 164 1 12 19 22 1 146 66 145 1 107 148 6
165 162 166 37 1 91 117 162 167 168 6
169 170 24 90 115 150 90 171 28 72 1 66 5
164 172 173 174 6 98 73 74 19 172 67 8
84 72 108 1 6 78 141 8 175 146 145 12 63 56 60 176 24 177
1 166 178 6 179
56 25 79 180 181 139 32 70 71 40 75 132 11 12 76 25 1 101 182 32 6 101 32
73 59 6 183 115 184 18 69 45 102 154 146 25
68 8 59 6 185 94 132 79 7 186
54 187 84 72 1 65 6 150 59 24 25 188 40 34 6
88 59 1 24 129 88 37 91 8 141 189 190 37 6 191
192 193 194 6 195 1 87 59 6 195 1 87 196 197 1
1 198 199 185 172 59 66 191 200 31 66 79 7 73 66 24
1 66 201 91 22 202 6 91 135 62 141 19 141 8 18 45 45 88 203 146 141 8
1 172 68 204 8 205 52 53 204 8 206 181 28 205 52 50 1 172 183 207 28 189 6 208 8
209 6 210 211 67 56
72 79 6 1 187 20 24 25 47 172 212 6 98 84 82 150 6 72 79 1 1 213 214
209 205 101 20 6 24
212 215 132 141 37 6 113 216 11 81 141 217 150 6
218 55 159 86 6 19 160
31 219 220 134 221 5 2 1 6 31 222 223 25 24 143 88 224 225
1 93 100 118 73 199 40 100 48 93 1 147 6 98
226 37 100 48 88 66 125 76 227 24 37 8
68 1 65 25 146 13 228 150 6 91 20 24 150 6 229 157 230
24 17 231 232 97 172 141 232 6
125 22 1 6 75 67 101 63 12 24 6
233 141 6 37 234 1 146 6 214 235 236 37 59 6
56 173 1 6 75
40 61 59 6 65 237 238 52 171
1 214 4 239 240 49 78 1 241 242 10 243 67 231 244 245 237 84 5 98 67 6
168 205 246 212 150 6 212 18 69 247 248
101 6 61
8 79 1 7 109 6 172 53 24 248 200
212 235 67 247 6 248 25 193 1 249 172 250 6 19
251 91 100 251 91 182 252 100 253 44 168 45 44 10 6
254 73 255 1 256 67 257 67 258 63 82 6 1 107 19
55 84 32 47 205 101 8 55 56 205 199
55 47 25 101 259 172 56 24 171 80 94
229 172 1 189 84 32 40 1 229 260 205 25 261 78 67 171 134 1 146 112 168 171 1
193 68 262 263 100 264 146 265 24 111 32 37 8 78 266 100 47 262 101 203 1 146 102 267 268 69 91 134 1 189 80 67 63
67 269 162 55 182 32 73 36 186 270 271 93 67 226 37 36 44 272 76 273 274 275 171 72 79 1 20 179 267 240 276 67 269 162 187 36 277 268 67 278 256 205 25 279 37 67 174
162 187 182 32 216 8 205 280 56 205 32 281 282 187 8 164 172 187 283 284 285 39
23 24 279 205 182 1 101 279
40 286 50 287 26 288 73 59 1 150 25 205
1 146 289 266 6 146 290 99 24 1 291 25 146 291 58 1 146 73 292 15 72 79 6 79 146 78 59 1 92 293
25 0 283 78 25 1 146 294
203 78 295 295 1 107 295 1
221 73 255 101 296 292
100 48 37 1 146 297 71 72 79 1
1 105 55 56 8 279 259 254 298 63 197
72 6 37 186 1 233 125 100 187
121 288 1 121 197 1 199 299 164 117 71 67 37 126 279 121 126 300 67
301 1 255 78 141 302 58 103 108 303 7 162 277 210 1 103 139 108 79 7 302 301 107 233 210 108 10 49 304 1
297 305 37 90 202 31 306 145 202 67
47 101 20 307 56 153
95 36 56 17 182 32 151 67 73 109 67 73 25 1 146 308 76 212 101 20 189 309 107
1 146 73 255 56 25 310 173
72 1 17 78 311 24
72 79 1 205 193 1 78 79 8 79 1 104 312
69 82 199 313 82 75 6 37 314
166 182 32 73 307 315 32 280 204 8 307 171 307
305 273 316 274 192 116 305 230 317 230 141 318 28 305 319 217 28 55 56 149
320 305 166 132 321 33 166 322 320 55 56
305 305 20 314 277 314 305 28 166 286 21
305 323 274 55 112 323 32 305
113 305 283 165 31 113 181 113 26 32 233 324 223 95 292 325 132 209 305 326 283 297
23 327 328 322 329
238 330 305 331 238 330 305 332 275 108 83 275 138 332 127
318 305 333 305 142 221 248 94 318 76 56 334 32 318 32 56 53 280 132 215 51 335 53 95 335 336 56 333
218 305 337 338 186
193 162 296 305 339 255 203 340 287
162 199 341 143 187 255 84 342 50 305 285 230 305 343 83 305 168 285 80 133
204 8 305 0 71 344 249 305 76 8 18 305 20 345 345 346
274 305 20 347 348 349 350 348 349 164 131 349 257 351 178 349 257 181 305 347 348 352 108 353 354 67 174 54 174
355 305 356 163 357 300 71 358 355
359 305 56 345
37 193 263 327 305 360 355 305 76 305
200 336 283 305 200
305 166 337 56 96 159 113 361 175 192 17 84 37
355 305 228 35 362 177 145 105
186 259 305 37 347 103 166 0 56 56 363 204 8 166 364
164 11 305 37 227 305 229 143 365 222 222 144
193 263 327 305 260 17 204 8 366 318
367 17 305
79 17 305 202 368 368 103
162 305 56 278
369 218 305 56 143 88 337 338
143 144 305 370 319 371 56 8 371 280
143 144 305 370 372 307 371 56 8 371 280
373 56 146 305 305 373 366 374 146 305 42 305 56
301 305 56 25 84 375 146 311 25
305 204 8 17 32 159 8 97 307 376 171 318
37 305 20 143 88 47 351 47 342 132 353 125 377 40 125
37 305
88 230 305 378 34 305 56 88 379 377 207 253 356
358 56 143 88 76 190 289
305 202 177 353 380 20 148 147
132 230 305 131 29 237 161
196 305 381 382 383 384 221
297 88 305 308 385 117 184 103 88
297 305 56 177 148
297 177 305 134 386 117 351 178 148 181 20 318
331 305
274 55 212 32 387 8 388 389 196 388 305 283 92 297
297 88 305 337 121 338 390 351 108 184 167 117
178 6 67 391 353 350 35 132 319 202 86 1 107 37 169 318 77
272 20 56 143 88 207 88 32 40 139 184
143 392 8 31 181
102 393 322 147 202 394 394 133 394
131 40 131 83
56 196 327 187 82 82
203 177 135 379 162 272 37 355
184 305 387 175 28 395 305 396 273 156 103 85 5
40 267 305 397 166 269 143 88 199
143 144 370 372 371 56 8 371 280
40 305 398 340 298
196 305 20 143 88 351 178 399
355 47 56 88 400 40
78 358 8 18 305 295 65 63 310 8 56 224 25
262 162 68 389 166 305
218 305 143 88 305 40 234 125 88
88 398 119 401 305 402 314
40 399 88 92 305 290 88 399
276 305 88 91 403 340 387 278 321 340
143 88 276 305 404
199 47 146 380 56 146 25 146
305
28 162 276 143 73 146 267 73 267 405 88 12 94 73 267 406 305
305 148 407 25 146 408 319 115 283 141 146
26 409 39 212 410 184 15 267 152 411
56 176 117 73 337 29 73 412 356 413 290 356 115 117 313 261 40 356 117
314 269 162 55 212 32 88 244 314 258 172 104 184 32 115 88 102 219
274 55 212 414 184 199 405 60 414 88 173 296 296 409 415 414 416 73 404 414 414 403 55 56 143 88 54
55 182 126 22 278 56 278 164 88 56 417 88 341
88 263 88 418 47 88 88 88 47 60 88 45 88 88 405 88
390 197 88 28 419 420 197 418 55 32 183 73 418 390 171 126 22 421 418 153 79 418 76 56 55 88
162 55 381 32 196 88 79 419 364 103 76 22 422 55 423 73 184 29 22 419 422 32
88
56 278 143 88 212 88 73 424 32 73 109 28 184 405 161 170 56 73
298 172 88 50 88 309
88 91 88 164 23 79 180 181
425 278 248 88 283
120 88 184 135 115 168 426 11 177 17 51 34
188 143 88 164 364 32 88 175 427
196 88 278 319 56
88 56 143 278 428 371
92 71 250 30 429 162 274 88
196 88 167 103 305 32 30 103 430 431 307
88 91 184 364 88 60 45 184
88 390 56 143 278 383 267 428
88 88 244 432
88 164 27 32 302 103 31 181 164 56 143 88
143 88 433 248 17 97 434 87 228 88 118
143 88 115 88 356 28 435 16 417
371 88 278 428 284
371 88 278 79 180 186 428 284
88 436 302 437
438 56 278 287 88
439 387 227 340 88 311
88 47 10 340 340 312 105 302 119 401 233 125
196 88
103 56 143 88 91 88 377 117 125 103 125 29
266 85 79 68 13 88 440
224 40 441 233 125 387 82 73 88 283 408 427 142
88 427 442
40 193 88 182 47 329 88 286 334 238 443 40 193 88 326 242 56 329 88 444 286 56 143 88 192
154 302 445 196 88 32 81 172
88 240 446 220 115 52
88 53 32 182 447 342 364 120 448 77
97 449 88 97
103 281 292 274 187 328 47 414 60 450 88 414 184 451 32 260 90 265
193 263 292 115 50 278 202 399 71 47 88 452 29 375 453 213 56 454 285 132 108 451 88 384 50 88
68 455 278 88 91 456 457 269
88 56 91 17 363 25 177 458 45 348 143 88
88 56 91 17 363 25 177 458 45 348 88
88 56 91 17 363 25 177 458 45 348 143 377 272
182 32 202 57 457 115 457 395
182 32 147 244 410 74 88 410 161 245 395
164 417 88 280 459 262 450 394 262 341 56 157 397 194
262 143 88 431 398 166 161 418 106 239 419 190 418 400 79 305 16 16
196 88 318 457 454 285 337 56 143 88
88 103 460 268 378 83 268
88 91 11 97 34 103 460 364 103
162 88 84 32 242 40 22 171 254 48
22 347 181 248 17 88 359 48 189 433 248 32 97
143 88 83 97 122 97 245 88 400 408 97 237
143 88 79 143 199 223 176 256 394 126 176 244 454 285 437 164 174
196 88 91
196 88 91 123
121 143 88 17 84 40 267 13 267
447 88 125 29 350 131 47 132 367 52 88
47 88 50 90
182 32 147 244 410 74 88 410 161 245 454 285
196 88
196 88 182 314 461 442 319 122 462 32 147 115 186 461
260 88 390 463 464
88 465 390
88 465 432
132 88 22 59 134 88 132 22
132 59 88 165 164 236
196 88 168 466 168 399 122 52
263 382 182 115 22 12 88 341 56 143 88 327
347 467 457 88
468 88
40 397 314 20 158 168 184
50 118 267 17 469 187 188 17 143 88 176 412
330 270 470 212 126 289 349 334 428 56 423
95 222 199 72 471 81 267 405 199 364 103 40 124 240
88 192 196 88
118 347 467 73 255 56 143 20 143 88 139 451 199 40 436
212 79 71 73 125 103 260 143 88 177 17
40 88 472 473 269 40 250 474 473 314 283 44 13 40 464
145 50 125 117 145 117 118 90 50 53 155 199
134 385 235 236 13 104 400 134 475 168 134 142 133 91 90 184 84 349 135 168 134
92 88 292 262 452 88 103
88 386 464 182 151 116 433 45
88 161 170 378 464 303 233 38 278
327 305 341 143 88 327 447
243 199 184 50 184 275 294 71 261
143 88 91 105 105 45 278 284 12
40 399 88 318 161 37 57 181 26 338
459 418 283 138 343 44 322 138 476 322 138 343 28 477 199 459 212 60 259 415 278 215
285 182 32 9 285 357 478 138 56 26 111
479 284 480 56 187 481 343 138 206 76 60 10 482 231 346
56 345 281 95 96 334 32 283 193 320 56 483 138 290 138 320 230 351 343 217 483 138 402 110
126 484 138 441 138 92 138 343 485 486 483 138 486 126 459 466 126 138 487 242 488 126 206 56 489 126 280 459
139 440 231 16 200 490 214 357 266 199 126 345 491 22 138 343
383 483 138 409 282 492 350 80 81 493 466 274 115 7 398 275
182 342 126 176 206 56 138 479 80 281 160 78 4 251 447
301 199 266 488 138 206
263 138 199 182 447 53 280 138 206 494 51 264 495 53 343 478 495
32 343 138 206 494 181 181 55 343 52 99 343 76 212 358 433
162 138 182 32 47 496 248 162 138 147 496 496 489 206
263 15 55 46 248 138 497 320 496 200 378 498 15 138 497 15 499 181 32 500 320 403 181 85 499 32 282 16 497 32 501 85 14 479 251 160 4 501 85 502 342 214 71 286 84 430
350 492 187 58 99 503 314 103 399 503 492 503 350 187 503 242 56 504 343 10 350 364 103 115 350 364 103 115 350 212 492 343 503 133 272 505 492 503 394
187 255 345 506 84 272 138 55 187 212 283 343 272 191 343 272 191 343 90 344 482 492 343 130 198 79 482
272 56 345 506 298 138 206 52 115 206 263 290
188 345 506 138 206 52 162 222 343
115 44 343 507 325 339 138 507 325 283 343 489 508 507 325 343 489 508 273 507 382 341 443 47 44 93 507 325 343 278 410 161 138 56 132 160 410 449 161 248 143 88
455 345 283 181 8 294 343 345 138 206 282 506 4 509 273 343 133 312 151 311 280 60
187 138 56
47 510 477 92 138 343 343 8 367 138 206 267 477 138 206 343 47 79 510 510 477 510 252 98 174 138 206 186 445 399 510
283 90 294 95 273 138 162 193 56 90 286 361 16 511 397 512
138 206 73 283 273 106 206 334 410 498 29 498 248 274 206 248 289
252 488 488 343 172 138 206 389 27 339 488 488 371 498 492 104 343 488 8 497 505 79 343 31 375 172 138 206 229 477 213 56 382 138 485
294 71 405 459 325 248 504 266 56 162 296 313 47 325 71 476 228 367 476 325 56 126 476 248 162 222 504 206
100 67 248 259 259 257 6 138 206 227
488 397 495 439 313 132 397 283 31 138 343 10 495 231 397 200 259 495
233 476 345 212 138 263 476
26 342 339 71 365 273 242 404 200 259 495 138 343 90 466
212 32 293 165 405 344 481 138 343 213 130 425 343 156 16 450 267 206 206 113
488 199 343 56 138 199 182 147 31 138 206 98 68 343 513 60 200 410 282 513 513 347 181 200 133 220
343 486 138 84 10 456 495 89 40
486 138 206 343
10 138 343 499 191 138 343 132 217 193 499 351 230 514 252 343 10
118 397 130 162 272 55 343
143 91 343 142 182 321 231 482 357 3 339 138 5 343
305 47 480 146 117 37 515 274 138 121 259 30 305 37
411 138 315 138 514 248 259 495
305 504 56
220 304 227 55 220 343 220 138 248 56 489 516 157
484 231 200 138 343
484 55 455 17 212 71 138 243 264 97
516 283 294 516 332 124 56 345 259 255 115
343 182 53 32 343 478 51 53 504
240 383 277 22 274 138 483 138 466 284 103
182 138 343 98 193 343 206 56 138 471 506 443 138 396 273
383 342 40 493 81 75 11 274 138
263 76 517 229 344 340 212 262 382 404 259 495 146 375 28 60 495 143
460 435 302 518 415 230 56 415
56 198 54 275 495 191 479 284 211 415 55
263 196 415 230 26 459 77 200 259 138 343 76 26 8 495 182 325 231 196 476 342 172
341 56 130 200 130 231 206 200 410 133 130 200
447 342 497 364
519 274 199 182 342 191 198 248 259 495 346 181 79 146 384 25 110 47 519 71 342 132 120 13 59 25 110 311 138 193 199 198 231 275 204 259 415 520 274 438 194 415 520 191 13 519 519 226 4 227 519 110 226 229 521
182 283 333 301 516 104 92 118 321 56 274 275 127
312 406 346 17
464 481 138 495 481 504 482 130 495 345 425 404
97 97 462 17 93 78 97 352 179 32 17 219 80 97 494 78
50 229 52 138 248 346
58 263 199 342 357 274 266 56 92 259 495 342 56 53 17
31 190 300 448 490 386 376 376 38 104 503 317 167 331 56 342 292 286 40 317 503 181 503 191 346 51 496 231 259 168 410 464 269 410 52 32 27 273 76 312 184 283 294 13 312 184 248 346 171 464 32 184
118 402 162 32 156 443 396
182 344 481 259 495 84 313 522 481 206 130 200 158
346 121 222 231 346
242 259 523 115 413 162 222 347 181
486 138 56 273 294 71 283 85 248 346 231 229 231 56 200 192
294 20 230 182 344 130 477 506 76 182 506 231 495 248 130 336
296 341 56 345 345 346 404 198 495 278
224 522 32 244 399 364 103 56 522 430 185 274 32 139 228 514 248 130 384 495
184 164 22 458 119 334 125 143 125 143 88 93 22 209 110 32 394 524
38 312 31 125 23 525 17 341 104 312 231 32 259 495 89 495 35 132 132
488 501 361 16 231 346 446 172 490 139 438 143 125 450 278
495 274 206 56 92
56 200 231 346 522 280
522 231 130 495 274 206 453 341 382 112 246 149 162 55
13 53 138 343 526 450 130 246 259
283 439 466 514 243 32 185 191 198 248 259 495 200 138 343 142 501 58 77
199 341 141 197 153 199 351 372 20 351 102 372
229 32 30 134 344 250 238 263 145 353 117 299 139 296 190 206 145 162 55 272
229 0 212 22 145 233 527 81 527 145 177 71 528 183 115 347 438 265 527
108 71 40 11 306 145 364 103 364
427 135 68 16 17 182 32 288 186 16
145 299 310 135 306 177
310 135 306 164 51 364 529 118
164 226 135 306
193 353 2 377 353 174 193 456 530 56 162 68 530 480
95 145 164 206 135 135 229 531
115 232 141 32 177 171 523 135 76 440 115 59 135 335 135 527
145 382 277 135 177 532 51 68 132 466
95 96 50 135 277 228 135 459 53 177 532 182 50 135 90 229
47 146 145 84 260 383 173 53 177 532 25 95
118 172 533 97 177 145 94 142
68 145 364 103
229 260 145 177 146 25
305 260 145 53 90 341 56 382
145 355 305 260 145 177 305 341 56 382
55 56 327 30 177 145 248 379 230 147 148 122 413 236 290 117 125 518
92 91 362 177 145
145 164 362 145 177 55 215
448 12 145 75 222 229 115 158 177 145 75 143 12 505 11 13 332
263 387 531 177 145 246
55 139 534 145 49 532 177 341
139 145 535 184 109 4 115 353 16 536
534 362 533 145 177 56 537 292
223 25 75 177 145 24 19 224 441 397 348 352
115 452 226 59 31 145 177 452 240 141 222 20 168
382 95 397 260 88 145 52 199
212 71 47 145 341 145 263 162 19 145
26 145 146 486 145 122 40 187 250 197 117 490 466 77 474 117 138 112 474 199 447 138
182 32 116 56 306 145 530 297 71 50 368 90
405 35 251 145 56 325 50 179 95 221 68 16 53 17
50 177 248 138 343 50 145 456 177 145 171
182 32 309 423 375 117 430 51 53 145 19
145 199 347 32 145 494 199 447 398 145 50 68
336 55 145
145 68 182 231 68
193 263 199 47 407 145 283 145 31 290 27 188 20 382
134 177 145 145 19 444 145 128 60 258 148 335 56 145 76 60 534 73 148 248 145 19 148 149
316 55 400 135 179 145 50 199 60 257 258 19 199 450 177 532 77
430 50 177 145 17
92 199 50 145 17
56 164 145 365
47 145 177 145 294 56 27 202
207 145 177 362 71
47 534 84 157 375 145 216
227 145 73 177 145 229 164
145 199 47 145 380 56 145 177 117
439 47 145 177 31 190 117 165 356 117
188 177 297 145 365 177
182 32 177 145 199 455 117 196 162 222 440 60 143 88 237 538 88
313 263 135 272 162 71 135 135 263
202 530 444 207 177 145 170 309
165 327 187 84 32 9 243 116 132 177 145 37 364 43 509
92 236 127 491 135 177 20 523 164 534
297 177 84 227 145
47 145 1 68 182 227 327 177 155 539
56 19 341 19 534 177 145 35 285 531 162 68
316 55 344 145 145 199 375
316 55 375 453 145 199 60 177
316 55 344 145 199
162 55 93 118 94 306 145 148 47 118 145 93 256 306 11 117 308 148 147 109
84 30 362 145 364 162 76 147 4 30 47 172
71 82 538 90 353 306 73 306 32 456 145 31 145 91 16
82 115 131 135 177 462 22 212 131 88
73 134 177 70 163 181 123 60 190 145 134 235 236 145
177 145 292 95 32 475 59 145 478 335 77 540 327 20
121 29 73 412 132 43 177 145 25 146 176 145 176 146
203 79 145 375 177 347 181 56 537
73 169 145
327 20 162 199 134 371 371 177
73 145 64 373 145 56
91 135 177 143 88 293 88 73 148 259
249 177 117 383 20 145 255 230 474 145
73 145 117 177 176 213 12 129 136 137 138
134 145 40 12 145 68
30 177 397 135 392 397 272
173 20 121 145 73 55 177 83 117 16 40 150 145 321 452
147 131 203 177 145 93 290 93 351 33 131
177 515 73 82 145 32 459 148 397 145 76 88
30 177 145 161 55 94 16 12 145 308 148 145 131 12
369 327 293 177 145
162 306 32 358 265 306 60 82 32 94 148 32 184 16 73 306 158 335 171 238 50 135 367 299 32 184 46 94
212 32 329 426 184 56 458 278 132 43 26 117
178 466 20 145
187 26 72 79 368 541 103
480 121 56 118 13 3 179 306 55 20 32 184 292 93 145 542 306 186 116
182 32 73 306 145 56 16 293
336 182 294 291 173 96 485 193 76 111 32 50 291 117 77
263 145 199 212 428 20
199 47 253 145 470 386 440 227 145 95 96 50 470 115 43
212 263 197 145 474 199 383 103 50 466 471 286 53 213 375 353 229 109 106 353 339 474 396 231 145 474 365 526 261 231 374 145 526 430 359
543 109 217 145 397 177 104 105 191 407 543 76 56 417 117 73 91 88 543
182 73 134 145 249 254 82 249 73 362 117 174 27 366
84 283 439 32 375 145 355 202 319 42 181
193 53 177 532 25 1 534
212 453 306 135 57 28 453 47 544 474 214 267 474 49 190 474
53 55 441 141 145
203 266 375 104 237 491 79 456 145 177
212 125 162 222 528 500 320 50 95 153 145 146 76 37 331 32 95 153 162 222
47 59 173 145 75 1 475 134 59 229 31 125 72 150 173 277 317 50 173
145 79 180 186 47 162 278 177 145 20 451 20
322 359 545 292 32 228 546 315 263 380 546 40 547 125 64 315 56 22
56 548 380 55 84 32 40 416 20 548 380 56 479 108 64 416
422 359 549 416 359 8 199 112 33 26 32 40 106 422 263 359 549 32 39 108 359 208 416 289 132 517 359 40 204 359 429 416
359 549 49 545 220 68 292 359 8 359 545 229 272 520 274 55 226 450 445 49 487
47 225 359 545 382 56 550 506 83
359 549 84 528 386 200 359 517 134 359 429 416 224
193 263 513 172 227 548 513 172 68 227 548 56 73 76 182 200 513 172 90
545 220 68 422 193 22 422 359 81 551 152 224
359 545 68 108 552 263 188 57
229 188 164 416 406 422 82 73 528 185 359 324 208 416 17 416 56 57 553 25 17
32 169 416 27 28 49 132 90 383 416 64
40 547 416 263 225 263 56 40 416 315 28 263 169 359 84 132 108 422
225 263 554 516 313 40 108 547 286
359 545 225 73 162 108 422 359 315 4 58 31 184
224 359 549 203 359 508 231 517 315 214 359
8 224 359 429 182 32 359 161
359 545 224 152 545 359 71
545 220 68 416 49 554 76 317 73 154 422 193 422 220 473 222 192 56 28
112 554 271 169 79 56 416 40 422
300 422 141 225 333 411 68 247 232 212 517 283 403 294 56 28
193 386 292 341 143 20 139 32 2 247 359 16 290 315 172 143 20
545 225 199 359 27 263 552 56 551
485 220 68 283 56 224 199 68 74 108 416 174 439 8 416 359
224 17 203 359
310 2 224 551 152
545 220 229 326 528 76 192 416 81 193 112
341 327 187 152 73 347 181 359 84 203 91 43 88 134
359 545 68 60 278 309 284 60 551
299 220 422 141 422 68 16 77 207 118 359 545 528 76 386 359 517
299 81 162 455 263 359 40 144 68 56
263 220 47 56 225 359 545 416 52 49 244 56 434 225
283 294 466 224 40 315 193 27 315 224 142 292 423 315
359 545 220 333 229
132 106 411 359 79 260 152 411 76 60 11 332 12 171 52 531 51 364 162
283 538 403 294 227 144 222 22 286 31 406 192 169 224 359 263 220 152 224
475 416 224 132 198 359 324
455 32 51 422 16 188 154 422 76 455 422 255 91 555 422 416 359
527 554 68 112 32 409 81 493 371 284 76 222 44 359 545 26 32 40 108 422 162 99 44 152 247 527 524
112 359 545 263 422 299 422 309 229 359 545 255
41 42 60 455 545 225
81 493 359 527 416 82 556 40 108 422 547 359 102 531 12 349 383 527 22
292 84 169 359 176 224 176 174 136 137 138 242 212 416 128 285
193 138 225 199 409 169 359 546 416 56 483 138 156 225 225 263
73 416 143 176 224 91 359 545 311 168 222 290 552 416 227 416 172
169 441 359 64 525 371 441 359 545 199 213 132 545 228
26 554 359 533 546 227 546 22 203 359 228 514 359 546 359
224 68 346 192 254 117 391 473 159 8 81 182 359 545 346
294 56 224 359 549
256 184 557 208 359 42 472 191 200 259 198 315 4 172
40 361 40 359 373 283 361 199 204 8 56 193 315 49 280 315 204 193 280
73 108 416 359 81 552 112 263 169 359 64
169 359 40 169 359 64 40 108 359 169 359 220 40 112 42
193 416 22 359 545 68 192 81 9 32 441 553 146 305 1
40 108 359 217 263 152 224 182 430 169 359 247 416 371
84 73 494 29 73 43 413 542 117 132 502 83 290 115 315 64 83 452 290 31 452 423 452 359 76
229 212 422 8 359 112 359 429 359 545 292 171 200 259 517
494 29 557 416 413 542 258 359 128 73 224 291 542
40 315 115 43 359 353 76 227 73
283 73 281 423 20 259 359 283 361 152 294
341 224 300 416 41 309 352 552 359
359 525 313 169 359 416 56 224
224 152 416 73 359 545
283 332 212 359 56 332 285 143 537 94 73 84 147 416 206 132 359 525 49 16 108 64
223 309 484 22 302 162 31 125 248 537 215 177 224
263 199 56
164 224 172 172 229
293 224 248 224 76 539 254
540 55 223 224 91 553 65 214 546
106 56 224 223 150 224 416 117 46 196 222 64 56 68
169 224 544 49 227 32 399 56 32 267 13 558 56 204 359 189
341 141 551
12 353 1 75 59 341 224 152 348 176 73
223 224 416 278 263 22
559 20 299 141 422 41 42 416
434 92 224 262
30 6 20 6 33 6 125 354 224 328 470
220 199 139 367 134 224 291 498 189 91 359 473 159 181
508 210 115 20 524 68 283 210
293 224 291 359 423 292
233 94 18 91 553 12 223 220 288 224 152
367 272 20 498 293 73 82 546 224 416 248 498 103 225 115 328 13 201
73 416 224 431 162 327 369
26 32 73 174 560 212
347 467 333 526 212 393 436 39 73 288 32 64 373 511 436 5 374 319 506 181
526 510 347 467 333 57 139 393 436 73 288 32
347 467 229 56 143 88 8 303 473 511 88
120 173 26 32 40 421 387 347 467 469 69 186
119 347 467 73 255 511 365 202 445 73 56 143 88 123 436 247
115 533 473 506 81 331 426 347 467 559 395
336 164 559 153 473 81 426
112 263 347 467 73 73 457 337 318 454 285 186 437 410 32 76 73 366 457 314 73 457 22 60 337 318 22 267 73
560 73 255 182 32 40 560 247 445 134 353 88 561 278 40 422 51 561 459 436 304 76 208 73 192 276 304
347 467 229 473 561 247 171 436 469
347 467 247 68 473 561 436
12 120 56 17 562
193 347 467 247 260 143 88 563 134 143 377 247 384 143 20
347 467 247
347 467 278 456 457 337 318 278 47 128 88
134 347 467 22 104 365 364 400 56 193 562 332 187 114 395 115 365 365 473 373 365
347 467 73 255
347 467 436 73 255 56 143 88 88 143 20 278
436 73 255 190 523 436 88
347 467 359
347 467 73 424
229 347 467 247 229 188 143 20 247 212 436 184 56 143 88
347 467 333
326 347 467 379 377 40 373 64 436
347 467 365 91 436 172 300 366 13 558 79 247
347 467 333 365 314 91 436 13 558 79 247
79 347 467 229 212 369 293 20 143 88 562
362 71 83 347 467 434
347 467 229 56 164 436 184 143 88 114 164 22 34 184 109
347 467 73 73 436 500 208 208 436 88 410 359
73 347 467 247 135 354 328
115 347 467 247 143 88
82 347 467 278 184 143 377
73 300 347 467 247 445
132 172 347 467 214 242 212 244 454 285 115 174 132 172 274 138 56 346 136
73 314 347 467 247 88 226 8 247 186 314
389 347 467 372 5 559 509 76 325 81 421
434 436 73 255 247 436 92 143 88 293
347 467 55 56 143 88 44 143 377 246 51 140 94 117 25 146
365 292 300 247 278 27 73 440
347 467 73 255 299 300 436 247 121 293 68 263 383 199 435
347 467 247 152 449 143 88
347 467 153 449 143 88
431 376 172 359 73 186 437 244 147 217 186 437 91 164
16 91 11 473 561 143 88
73 562 483 138 56 130 136 200 517 132 347 181 324 242 56 158 562 212 410 436
26 40 561 436 502 244
73 186 436 134 247 248 143 88
560 561 199 81 73 454 285 115 359 433 545 493 401
487 541 561 247 304
223 365 473 278 143 88
22 26 32 283 64 365 26 212 88 22 2 457 108
143 88 212 247 436 511 365 304 440 303 98 247 112 244 56 123 436 247 56 60 143 88 562
229 484 32 186 425 229 108 186 103 470 521 470 40 521
212 22 16 528 154 331 376 365 359 181 213 359 20 365 73 395 457 56 132 365 473 471 248 562
73 365 56 143 88 143 377
40 365
403 511 403 511 560 511 403 560
541 561 247
40 365 56 365 292 56 562 212 365 473
416 199
73 436 473 302 445
562 176 88 263 199
162 444 472 143 88 212 293 134 472 560 247 56 143 88
73 547 303 196 88
308 342 560 233 40 79
162 68 260 179 143 88 246 73 73 556 73 0 58 560 430 528 283 294 528 40 83 556 179 556 416 343
92 79 180 314 472 560 247 143 88
436 68 436 304 314 423 425 502
560 73 255 143 88 143
283 365 561 56 472 60 247 59 172 393 423 115 179 405 423 181 248
560 40 199 397 56
193 263 561 331 199 26 283 393 561
316 56 84 32 73 193 315 364 103 76 564 421 247 347 467
79 436 73 255 390 292 56 299 164 73 43
73 274 365 473 511 247 399 82 56 365
281 143 88 123 347 467 60 347 467 73
365 172 428 294 56 143 88 73 247 454 285
434 347 467 420 229 56 188 436 94 143 88 563 134 329
347 467 436 73 316 341 56 176 88
541 561 247 68 56 143 88 143 267 73 79 68 247
347 467 73 255 40 43 164 143 377 143 88
186 493 342
338 267 331 64 373 347 467 492 212 267 347 467 559 167 372
387 162 20 55
420 381 387 199 212 374 199 325 4 47
212 565 263 126 387 199 248 46 550 387 229 304 286 287 208 246 76 206 387 416 286 20 479 387
277 493 566 427 388 368 124 184 302 518 207 567 71 68 76 29 388 220 446 143 88 25 53 363
162 55 56 32 35 153 509 207 371 117 26 353 32 162 187 56 22 283 387 427 388 226 47 162 328
263 441 418 112 126 22 28 199 535 568 463 468
322 512 26 567 520 441 209 535 288 427 487 47 567 555 128 387 181 57 499
387 223 371 43 79 134 109 446
79 73 255 26 40 387 416 73 387
387 405 342 4 115 278 186 40 68 392
95 387 323 56 363 143 88
387 139 358 201 125 28 229
212 71 387 91 427 31 31 92 121 88 293
387 68 299 73 43 427
387 500 229 171 387 427 323
55 471 387 427 68 212 293 182 32 51 353 81 493
212 32 387 173 141 465 361 124 141 427 244 364 103
40 267 323 387 56 39 323
387 73 68 73 398 263 387 435 108 422 186 56 402 387 343
90 84 528 115 53 90 547 448 53 143 88 183 449 90 88 172 547 18 387 15 448
387 363 32 431 512 387 212 32 387 512 22
68 91 117 259 487 387 184 387 427 364 103
387 263 112 41 309 263 441 544 463 241 446 568 387 263 556 58 398 569 420 526 31 26 263 32 283 108 524 41 440
88 20 446 294 71 115 14 212 177 25 17 201 446 5 14 387
73 387 247 186 401
79 387 288 538 364 103 567 47 227 446 124 388 302 186 520 448
292 567 341 387 323 233 223 60 363 17 25 177
387 73 333 84 32 8 22 59 125 76 56 479 323 441 88 71
379 229 212 146 117 387 464 88 79 445 96 22 392 342 79 267 314
146 88 163 41 523 368 387 388 323 567 214 368 103
387 22 309 284 73 156 103 115 88 267
26 567 387 40 267 288 368 447 387 199 260 550 565 564
387 73 255 499 112 387 427 22
487 387 323 26 520 512 40 179 125 103 128 22
51 563 567 167 563 109 125 143 563 134 125 364 16 214 387 364 125 181
91 184 533 567 81 145 243 258 76 227 88 68 531
103 387 323 192 146 353 446 124 196 143 88
143 88 387 416 550 94
387 164 278
108 387 465 364 103 146 88 258 533 531 51 353 104 465
145 75 427 88 151 387 375 145
40 79 125 44 387 181 73 273 181 48 195 376 303 359 76 134 436 247 364 48 297 16 303 359
387 68 567 260 143 88 177 95 96 145 19 512 323
212 103 565 117 128 146 566 87 448 387 399
323 387 420 566 199 186 565 429 368 353 146
196 387 323 192 427 323 196 88 567 81 146 145 223 143 88 348 25 143 146
233 146 565 364 390 227 173 540 387 146
192 70 196 88 378 387 323 427 567 81 145
71 520 50 387
212 387 364 103 56 196 88 427 186 529 119 401 68
223 230 567
56 287 293 139 442 271 339 202 173 208 448 60 387 441
223 436 289 172 465 143 88 465 512 76 283 269 541 87
33 387 55 26 40 535 561 39 424
56 292 387 206 512 216 22 143 88 171 512 147 143 216 45
79 180 181 108 387 427 88 570 52 235 116 181 387 564
263 556 247 487 387 548 531
56 28 505 392 362 173 387 68
103 383 387 145 146 278 176 88 176 387 177 25
326 567 567 103 387 22 283 294 520 108 261 512
392 487 387 323 278 348 177 143 12 156 88 128 184
387 22 556 177
383 387 333 30 103 248 387 323 47 375 145 56 95 192
508 26 32 39 45 233 125 245 184 55 45 95 388 297 427 448 181 388
323 388 208 22 434 529 56 143 88 206 165 458 239 83 529 535 105 22 529 566 465 360 388 68 95 110 128
274 55 182 32 73 441 468 174 398 274 382 260 55
162 55 182 567 73 387 440 427 199 260 55
446 73 55 111 32 73 446 20 15 184 55 56
162 55 111 32 169 28 446 55 56
468 162 55 84 32 73 18 468 212 184 427 55 56 468 199
92 162 187 182 32 168 55 56 143 88
536 274 55 326 32 536 424 55 84 32 40 22 267 45 536
274 55 111 32 30 429 168 184 56 119 254
139 126 300 247 302 103 427 239 405 74 43 243 412 561 42 560 303 213 103 21 226 450
465 270 172 141 465 445 270 427 60 141 529 141 141 125 141 427 68 91 352 361 244 88 422 135 465 270 32 227 59 465 0 206 368 207 68
112 126 347 181 370 22 289 32 102 370 441 8 370 181 56 274 330 54 171 162 293
263 441 418 212 325 199 367 387 286 199 60 40 468 441 446 32 555 565 568 441 526
263 441 418 22 28 427 199 60 441 468 40 387 568 73 446
263 468 441 418 212 126 22 28 174 468 387 76 112 199 40 241 446 465
263 441 418 212 325 126 22 441 468 463 446 241 561
263 441 418 212 325 126 28 112 422 199 60 441 468 446 241 561
387 441 418 112 28 29 441 199 569 463 569 370 569 241 561 535 568
263 441 418 463 163 526 325 183 40 441 463 569 387 286
26 32 520 512 212 22 141 45 268 302 434
73 398 446 169 471 283 108 14 512 212 289 446 103 294 56 446 73 255 111 40 169 446 422
164 184 370 118 32 290 464 115 502 134 387
40 92 294 71 341 263 441 230 16 215 261 112 27 199 215 16 446 441 387 441 541 561 27
442 541 561 4 541 541 561 184 172 88
214 364 161 170 405 12 45 30 377 500 79 342 72 79 125 50
471 565 323 297 71 72 184 364 103 134
73 255 164 43 143 292 57 73 423 283 40 129 468 294
199 164 184 88 83 214 114 4
323 40 108 239 485 214 26 72 79 103 106 289 40 79
25 234 25 146 146 103
162 55 182 32 47 146 56 145 40 306 280 325 440 546 1 8 524 47 146 321 359 10
229 84 32 238 75 27 179 146 50 68 357 478 68 193 32 73 75 40 139 238 52
299 146 364 103 297 73 79 146 115
68 329 146 146 396 46 343
277 50 283 105 297 558 108 146 109 77
92 382 384 50 264 146 453 375 146 298
571 162 222 381 1 391 75 56 25 75 516 134
284 361 42 553 146 407 146 2 286 31 68 160 16
79 7 553 81 146 201 422 263 93 13 448 521
32 375 50 86 146
310 25 75 101 37 172
175 203 407 146 32 151 25 391 59
37 75 20 73 256 56
439 430 10 97 146 10
84 397 32 203 146 99 181 32 56 162 264 320 174 221 284 25 193 199 56 55 16 90 406 170 383 1 305 171
196 44 274 146 95 382 540 265 440
233 25 146 51 456 53 222 397 153 37 93
182 146 192 179 146 166 226 112 139 25 52 237 281 7 35 285 227 192 16 564 118 266 490 392 539 4 112 515 357 146 173
211 146 211 421 112 17 25
106 71 82 75 313 92 293 106 132 73 181 25 73 292
47 263 146 50 73 6 67 25 43 172 47
73 75 117 179 16 25 143 146 143 117 417 117 177
59 25 146
143 88 11 25 146 148 557 103 460 352 12 360 22 25 146 172 184 378 410 258 146
73 272 146 25 9
553 68 193 93 553 571 91 56
382 73 146 302 266 188 341 55
73 59 146 68 78 1 100 48 37 193 263 305 31 219 31 290 494 357 478 68
313 227 16
556 6 205
203 146 51 90 17
58 154 168 222 25 17 177
47 189 40 79 1 100 48 203 146 59 6 65
93 146 25 122 295 65
182 73 146 17
75 105 60 75 91 88
203 25 146 90 56
12 146 141 143 73 139 248 143 154 469 13 57 181 558
92 199 132 200 198 79 146 174 202 146 158 32 21 32 146 182 281 539 51 555 146
383 95 146 50 229 182 342 277 50 75 90 16 17 146
47 50 1 146 101 341 56
223 25 73 25 146 82 479
91 25 75 232 141 1 189
91 25 75 141 179 427 364 103
233 141 143 73 469 122 75 28 146 284 13 104 312
263 146 296 199 384 344 505 263 146
162 20 55 203 134 75 25 423 399 181
84 40 75 348 349 122 208 184 56 143 88 354 146 470
146 139 328 392 146 73 55 146 41 523 443 382 146 470 354 328
25 73 43 391 204 203
146 229 299 146 173 56 25 162 199
391 199 20 264 146 8 28 553 35 228 146 391 67 202
203 536 146 277 25
146 515 29 158 132 194 25 146 37 133 16 571 187 341 312
25 68
146 383 84 169 75 47
212 71 134 335 478 25 146
15 68 76 25 146
73 146 179 110 16 57 179 110 60 25 155 143 146 77 43 267 394
73 398 146 50 68 203 75 188 25 77
56 79 177 146 192 84 82 79 146 177
25 146 166 73 146 357 146 73 43 37 16 101 25 16 203 571
143 88 177 253 146
68 299 75 203
148 73 203 407 146 78 1 166
229 25 146
73 203 238 25 146
227 146 73 229 164 73 25 143 146 572
203 146 25 176 572 134 177 117 73 1 37 305 56 192 313 68 273
382 263 146 382 341 371 224 162 199 354 224 419
460 146 163 146 305 16 347 460 60 103 179 166
523 407 362 25 146 391
40 146 56 25 146 173 273
571 146 229 374 173 202 88 184 203 173 273 171 502 385 134
73 25 146 423 208 557
165 383 56 25 91 335 146 32 153
182 132 11 25 146 20 179 51 539 364 103 56 148
11 146 122 128 25 176 73
35 146 101 25 146 122 73 412 203 146 133 133 101 531
540 146 68 146 143 146 572 155 25 31 125
53 182 227 553 115 90 164 553 365 53 153
73 134 25 146 241 283 73 56 241 56 79 145
25
68 146 570 290 570 115 146 76 375 146
182 32 227 162 146 73 122 416
91 44 69 143 88 73 75 311 557
146 493 230 60 146 564 273
25 515 37 25 192 553 228 357 290
25 143 146 146 50 199 75 31 110 47 571 110 203 110 154 31 299 68 146 73
475 86 146 353 103 88
146 8 159 141 146 558 143 572 155 176 25 105
326 162 55 84 82 203 146 25 496 515 366
199 227 271 32 109 471 72 146 25 143 146 155
25 143 146 572 393 79 146 272 73 79 141 146 173 248
134 387 146 364 103 56 143 88 25
47 181 25 146 502 543 543 528 68 82 386 75 543 25
154 407 146
115 146 226 8 25 155 143 146
327 293 73 177 145 25 75 148 47
471 146 391 25
25 227 271 238 146 284 127
530 146 40 143 146 25 146 50 68
266 571 189 8 179 263 146 391 266 571 68 108 146 391 31 222
25 500 143 88 347 467 247 199 93 75 436 473 143 88
306 79 187 181 146 213 55 182 325 117 283 146 50 77 306 94
56 212 168 458 426 139 186
267 458 162 55 228 91 32 267 458 426 55 56
103 458 426 55 182 32 73 458 22 212 184 55 56 103 458 263 199
394 47 103 458 263 345 192 182 32 191 458 426 22 459 328
162 55 212 193 458 426 424 186 55 56 479 458 88
138 187 458 246 212 32 22 260 182 32 501 91 458 79 180 73 555 458 22 187 76 164 12 22 555 32 184 56 12 199 187 76 183 80 12
336 164 458 22 184 440 283 212 267 458 22 333 531 330 336 28 458 284 31 226 273 458 435 326 273 194 206 284
103 458 212 15 458 426 398 186 103 56 143 88 143 189 479 458 88 103 458 263
55 278 458 458 195 187
426 212 458 573 186 56 143 88 28 458
458 89 28 458 278 310 426 20 143 278 164
92 162 187 91 168 458 117 233 269 32 184
458 458 187 278 32 3 286 8 458 60 426 76 212 32 22 458 60 433 203 483 8
92 229 89 478 365 458
360 45 458 573 426 143 88
462 164 458 574 0 458 4 115 134 458 573 11 22 134 109 171 11 433
71 132 426 458
458 68 299 22 267 458 207 92 121 293
123 147 125 187 80 458 426 143 51 17 153
343 458 573 426 187
196 458 88 182 32 134 149 163 458 13 88
221 563 330 494 267 229 60 68 390 56 458 91 11 458 574 426 56 267 563 22 221 563 330 91 458 267 68 76 13 221 563 330 388 94 11 458 574 277 312 458 574 426 302 162 95 221
115 314 56 313 102 458 573 274 316 272
84 191 458 13 138 126 458 426 573 575 181 271 191 13
387 22 272 512 427 302 518 192 75 145 323 465 458 22 45 399 27 186 103 41 20
575 91 342 314 509 381 184 458 573 575 360
458 148 426 335 458 8 111 248 53 447
470 354 84 389 458 573 365 311 248 274 138
134 446 560 566 465 566 38 119 401 458
480 342 277 50 278 458 103
143 88 379 377 27 56 283 32 293 84 73 446 145 124 87 267 12 531 45 458 27 278
132 11 458 22 458 195 274 138 56 130 200 136 56 158 21 454 285 186
144 491 176 458 94 244 454 285 544 399 285 13 164 168 458 237 538
402 229 56 132 22 267 458 324 68
209 458 59 117
40 125 88 52 125 458 145 512 323 132 445 399 125 98
33 494 401 143 88 31 143 88 162 68 453 56 341 88 76 56 143 377 76 164 458 176 458 26
132 128 458 426 136 137 138 448 56 158 458 21 454 285 542 132 133 128 171 517
84 73 371 73 255 56 31 68 60 143 77
56 143 88 462 537 462 458 426 458 199
132 458 248
521 184 448 115 369 88 125 20 363 125 30 168 458 426 164 184 267 263 52 88 11 97 184 273 171 39 12 94 143 218 361 125 98 410 186 147 438 115 563 5 125 4 102 134 83 135 177 129 290 353 235 128 82 408 97 184 174 97 184 171 125 42 31 70 192 97 245 208 73 131 39 97 135 147 131 478 145 290 73 245 171 52 135 306 17 77 83 147 306 73 245 97 533 12 84 102 73 245 43 290 73 314 56 143 73 171 56 17 123 73 245 17 75 125 290 203 97 193 102 141 224 234 352 174 462 184 234 234
458 26 132 84 5 573 509 102 458 426 32 314 573 56 458
103 12 132 17 186 364 103 20 17 469 458 426 267 181 88 179 186 364 103 117 109 184 177 12 20 469 17
212 458 244 544 68 114 46 143 88 293 60 426 189 385 117 453 458 189 434 500 38
345 130 458 195 246 488 345 206 259 40 125 432 408 312 458 426 174 432
57 212 44 88 18 45 60 458 426 575 52 49 124 446
68 184 256 176 458 184 37 1
79 274 73 255 332 479 382 492 73 256 328 151 162 187 492 29 256 1 553 458 124
458 212 267 458 426
207 145 117 161 143 88 76 260 143 73
211 88 73 267 458 269 446 240 401
143 88 26 73 103 313
56 176 458 139 244 454 285 310 555 120 278 421 95 45 268 458 573 39 143 88
458 426 103 68
458 426
484 196 387 559 212 22 161 378 464 29 22 212 60 278 199 458 426
462 566 323 145 88 75 22 479 480 387 56 25 458 110 143 88 176 88 77 450
73 441 446 487 446 446 435 550 199 212 177 25 143 446 441 55
134 458 426 186
458 426 143 88 458 110
165 143 88 164 458 426 369 92 444
227 8 56
129 290 88 132 386 461 319 184 461 88 55 351 26 16 461 351 317 27 538 261
91 434 458 426 408 105 56 143 88 40 184
91 168 458 426 378 533 95 221 94 17 177 25
128 267 458 56 143 458 143
223 44 278
212 168 12 97 353 146 398 186 432 226 174 186 186 227
88 267 87 103 88 570 452 20 168 575 60 575 426 87
366 442 143 88 164 451 570 189 163 244 189
118 308 32 335 17 212 76 260 91 342 184 52 214
345 56 282 252 454 285 491 168 458 454 285 140 80 133 252 253 143 187 255
3 4 115 143 459 88 143 459 88 430
132 13 140 94 56 278 176 73 12 341 176
162 410 441 46
162 218 441 46
525 244 454 285
144 443 164 575 458 59 574 426
134 184 250 541 405 512 56 28
40 502 463 219 44 168 458 184
21 458 181 145 463 565 203 463 464 488
463 565 278 55
385 117 458 115 115
458 22 431 143 88
143 88 182 32 8 568 40 100 48 267 553 499 91 181 8 134 362 125 317 125 132
186 458 426 186 172 186 429 91
458 518 13 278 458
